+"B1a":[[13070,142],[13080,585],[13090,1304],[13100,773],[13110,1129],[13120,62],[13130,1159],[13140,1158],[13150,145],[13160,820],[13170,181],[12980,182],[13180,178],[13190,747],[13200,553],[13210,552],[13220,1137],[13230,1329],[13240,114],[13250,743],[13260,86],[13270,200],[13280,202],[13290,707],[13300,708],[13310,709],[13320,345],[13330,523],[13030,522],[13340,809],[13350,810],[13360,1121],[13370,316],[13380,999],[13390,1134],[13400,66],[13410,1365],[13420,860],[13430,712],[13440,509],[13450,850],[13460,757],[13470,794],[13480,795],[13490,488],[13500,826],[13510,956],[13520,659],[13530,1272],[13540,432],[13550,1148],[13560,771],[13570,945],[13010,439],[13060,286],[13580,936],[13590,938],[13600,937],[13610,1142],[13620,1141],[13630,1140],[13040,143],[13640,672],[13650,125],[13660,408],[10001010,209],[10001020,964],[10001030,208],[10001040,1052],[13120,62],[13140,1158],[13380,999],[13410,1365],[13530,1272],[13040,143],[13100,773],[13190,747],[13250,743],[13460,757],[13560,771],[10001030,208],[10001040,1052],[13100,773],[13250,743],[13460,757],[13560,771],[13190,747],[8570,855],[8580,461],[130,1313],[13180,178],[6230,1060],[6240,211],[12040,1030],[12050,1031],[7940,1279],[7950,1076],[7480,148],[6680,686],[7800,502],[7030,1120],[12540,6],[10001020,964]],|
+"B2":[[13670,654],[13680,653],[13690,1069],[13700,1014],[13710,1015],[13720,150],[13730,151],[13740,188],[13750,966],[13760,187],[13770,1035],[13780,1126],[13790,1315],[13800,147],[13810,473],[13820,332],[13830,1188],[13840,21],[13850,998],[13860,666],[13870,958],[13880,863],[13890,112],[13900,1039],[13910,968],[13920,198],[13930,517],[13940,34],[13950,26],[13960,416],[13970,417],[13980,272],[13990,824],[14000,731],[14010,1164],[14020,772],[14030,1295],[14040,1294],[14050,1296],[14060,247],[14070,39],[14080,73],[14090,189],[14100,304],[14110,235],[14120,68],[14130,84],[14140,1338],[14150,909],[14160,28],[14170,1375],[14180,918],[14190,806],[14200,1261],[14210,1264],[14220,1173],[14230,98],[14240,420],[14250,421],[14260,1354],[14270,1118],[14280,480],[14290,976],[14300,615],[14310,435],[14320,750],[14330,668],[14340,636],[14350,175],[14360,777],[14370,953],[14380,478],[14390,803],[14400,1083],[14410,932],[14420,565],[14430,1030],[14440,1031],[14450,700],[14460,699],[14470,697],[14480,249],[14490,738],[14500,737],[14510,1010],[14520,121],[14530,447],[14540,307],[14550,1285],[14560,1283],[14570,885],[14580,361],[14590,221],[14600,22],[14610,27],[14620,20],[14630,23],[14640,423],[14650,414],[14660,418],[14670,1154],[14680,1095],[14690,1131],[14700,956],[14710,659],[14720,1042],[14730,1041],[14740,1373],[14750,501],[14760,415],[14770,419],[14780,735],[14790,760],[14800,356],[14810,370],[14820,371],[14830,422],[14840,546],[14850,294],[14860,6],[14870,79],[14880,1059],[14890,1024],[14900,783],[14910,895],[14920,604],[14930,755],[14940,1051],[14950,409],[14960,1108],[14970,682],[14980,1174],[14990,1167],[15000,1099],[15010,1311],[15020,1098],[15030,1130],[15040,1255],[15050,144],[15060,283],[15070,408],[15080,1176],[15090,734],[10001050,588],[10001060,679],[10001070,1023],[10001080,950],[10001090,787],[10001100,282],[10001110,1072],[10001120,595],[10001130,907],[10001140,1265],[10001150,1145],[10001160,892],[13720,150],[13710,1015],[13790,1315],[13800,147],[13850,998],[13880,863],[13900,1039],[14080,73],[14110,235],[14190,806],[14200,1261],[14240,420],[14270,1118],[14420,565],[14430,1030],[14560,1283],[14580,361],[14630,23],[14700,956],[14740,1373],[14660,418],[14770,419],[14890,1024],[15000,1099],[13830,1188],[13890,112],[13950,26],[14020,772],[14210,1264],[14320,750],[14390,803],[14530,447],[14790,760],[14930,755],[10001100,282],[10001110,1072],[10001120,595],[10001130,907],[13830,1188],[13890,112],[13950,26],[14020,772],[14210,1264],[14390,803],[14530,447],[14790,760],[14930,755],[14320,750],[14900,783],[8600,1177],[8880,701],[3040,705],[8970,551],[8980,1045],[10420,721],[810,858],[820,859],[9220,901],[1130,206],[1140,205],[10200,645],[10550,646],[1540,540],[1550,538],[1580,600],[1590,601],[9550,897],[9570,1284],[2730,1186],[8050,384],[8900,544],[8990,613],[9390,354],[8280,1172],[9560,293],[9680,1288],[10050,683],[14360,777],[10001080,950]],|
+"B2a":[[15100,1133],[15110,390],[15120,781],[15130,1184],[15140,1128],[15150,853],[15160,1109],[15170,289],[15180,50],[15190,130],[15200,129],[15210,154],[15220,1040],[15230,994],[15240,1353],[15250,407],[15260,243],[15270,1088],[15280,177],[15290,64],[15300,190],[15310,962],[15320,963],[15330,961],[15340,1347],[15350,1359],[15360,374],[15370,868],[15380,174],[15390,173],[15400,1300],[15410,291],[15420,1185],[15430,400],[15440,59],[15450,88],[15460,191],[15470,888],[15480,889],[15490,890],[15500,1173],[15510,99],[15520,1332],[15530,611],[15540,807],[15550,372],[15560,256],[15570,171],[15580,969],[15590,387],[15600,352],[15610,484],[15620,554],[15630,448],[15640,719],[15650,943],[15660,44],[15670,871],[15680,1247],[15690,1248],[15700,617],[15710,1241],[15720,625],[15730,872],[15740,869],[15750,669],[15760,732],[15770,696],[15780,1067],[15790,479],[15800,123],[15810,1242],[15820,1245],[15830,1243],[15840,1299],[15850,1000],[15860,864],[15870,444],[15880,652],[15890,856],[15900,1176],[15910,734],[15920,1135],[15930,252],[15940,381],[10001170,335],[10001180,107],[10001190,1230],[10000420,571],[10001200,838],[10001210,71],[10000700,894],[10001220,784],[15250,407],[15610,484],[15630,448],[15730,872],[15860,864],[15910,734],[15120,781],[15290,64],[15460,191],[15510,99],[15870,444],[10001190,1230],[10000420,571],[10001200,838],[10001210,71],[10000700,894],[15120,781],[15290,64],[15460,191],[15510,99],[15870,444],[10001210,71],[15100,1133],[15110,390],[5260,780],[15470,888],[15480,889],[15490,890],[15630,448],[15810,1242],[15820,1245],[5720,443],[10210,349],[10400,1157],[10440,974],[5690,1244],[15450,88],[10001170,335]],|
+"B2b":[[16070,1044],[16080,914],[16090,1316],[16100,561],[16110,898],[16120,1270],[16130,181],[16140,182],[16150,746],[16160,933],[16170,979],[16180,705],[16190,706],[16200,871],[16000,1104],[16210,770],[16220,641],[16230,916],[16240,944],[16250,346],[16260,900],[16270,909],[16280,971],[16290,333],[16300,334],[16310,337],[16320,759],[16330,309],[16340,558],[16350,790],[16360,1132],[16370,496],[16380,284],[16390,314],[16400,492],[16410,515],[16050,437],[16420,514],[16430,751],[16440,258],[16450,1272],[16460,432],[16470,1384],[16480,1382],[16490,818],[16500,397],[16510,768],[16520,606],[16530,1299],[16540,1000],[16550,302],[16560,297],[16570,298],[16580,75],[16590,399],[16030,516],[16600,310],[16610,590],[16060,1345],[16620,800],[16040,183],[16630,804],[16640,197],[16650,408],[10001230,835],[10001240,711],[10001250,573],[10001260,152],[10001270,528],[16220,641],[16250,346],[16400,492],[16490,818],[16540,1000],[16620,800],[16150,746],[16210,770],[16320,759],[16430,751],[16510,768],[10001250,573],[10001260,152],[16210,770],[16320,759],[16350,790],[16350,790],[16070,1044],[16080,914],[16110,898],[16120,1270],[16130,181],[16140,182],[16160,933],[16170,979],[16000,1104],[16270,909],[16280,971],[16310,337],[16410,515],[16050,437],[16420,514],[16470,1384],[16480,1382],[16500,397],[16550,302],[16560,297],[16570,298],[16580,75],[16590,399],[16030,516],[16150,746],[16210,770],[16320,759],[16430,751],[16510,768],[15180,50],[10001090,787]],|
+"B3":[[16660,1177],[16670,1178],[16680,525],[16690,166],[16700,1269],[16710,493],[16720,1036],[16730,767],[16740,1160],[16750,733],[16760,1068],[16770,132],[16780,140],[16790,157],[16800,1056],[16810,1162],[16820,651],[16830,318],[16840,47],[16850,382],[16860,851],[16870,153],[16880,745],[16890,164],[16900,1309],[16910,1234],[16920,908],[16930,344],[16940,262],[16950,260],[16960,643],[16970,1317],[16980,927],[16990,928],[17000,926],[17010,871],[17020,1298],[17030,1357],[17040,960],[17050,162],[17060,163],[17070,199],[17080,555],[17090,472],[17100,988],[17110,248],[17120,90],[17130,1119],[17140,308],[17150,570],[17160,978],[17170,707],[17180,708],[17190,710],[17200,1319],[17210,338],[17220,195],[17230,639],[17240,1379],[17250,1261],[17260,1263],[17270,818],[17280,976],[17290,615],[17300,355],[17310,782],[17320,281],[17330,863],[17340,510],[17350,512],[17360,511],[17370,130],[17380,129],[17390,457],[17400,460],[17410,1267],[17420,991],[17430,124],[17440,1006],[17450,676],[17460,758],[17470,240],[17480,1262],[17490,429],[17500,1237],[17510,1034],[17520,324],[17530,246],[17540,777],[17550,1152],[17560,103],[17570,1011],[17580,156],[17590,212],[17600,1075],[17610,1028],[17620,633],[17630,1385],[17640,463],[17650,241],[17660,621],[17670,1337],[17680,967],[17690,1055],[17700,1384],[17710,1383],[17720,396],[17730,41],[17740,1320],[17750,717],[17760,569],[17770,713],[17780,1081],[17790,1377],[17800,123],[17810,992],[17820,136],[17830,135],[17840,891],[17850,110],[17860,703],[17870,778],[17880,775],[17890,225],[17900,1308],[17910,394],[17920,176],[17930,117],[17940,327],[17950,315],[17960,1231],[17970,1292],[17980,161],[17990,990],[18000,887],[18010,1331],[18020,663],[18030,526],[18040,1151],[18050,72],[18060,742],[18070,804],[18080,197],[18090,408],[18100,1012],[18110,226],[10001280,373],[10001290,678],[10001300,627],[10001310,149],[10001320,184],[10001330,884],[10001340,398],[10001350,61],[10001360,126],[16700,1269],[16710,493],[16760,1068],[16780,140],[16850,382],[16910,1234],[17040,960],[17240,1379],[17270,818],[17310,782],[17330,863],[17380,129],[17430,124],[17440,1006],[17540,777],[17580,156],[17620,633],[17690,1055],[17700,1384],[17770,713],[17850,110],[17870,778],[17980,161],[18080,197],[16730,767],[16880,745],[17020,1298],[17190,710],[17460,758],[17530,246],[17710,1383],[17890,225],[17910,394],[18060,742],[10001300,627],[10001310,149],[10001320,184],[10001330,884],[16730,767],[16880,745],[17020,1298],[17190,710],[17530,246],[17710,1383],[17890,225],[17910,394],[18060,742],[17130,1119],[17460,758],[10970,229],[11150,1253],[11160,216],[11170,116],[11500,401],[11510,589],[13420,860],[17630,1385],[17640,463],[17650,241],[13490,488],[13500,826],[12320,2],[12410,1093],[13550,1148],[17920,176],[17930,117],[13580,936],[13590,938],[13600,937],[10980,1340],[11180,744],[11550,487],[11630,593],[12060,539],[12330,739],[12420,296],[13560,771],[16690,166],[17800,123]],|
+"B3a":[[18160,1160],[18170,733],[18180,137],[18190,1101],[18200,581],[18210,952],[18220,465],[18230,1297],[18240,141],[18250,388],[18260,1113],[18270,405],[18280,576],[18290,888],[18300,889],[18310,890],[18320,578],[18330,582],[18340,808],[18350,353],[18360,387],[18370,352],[18380,484],[18390,554],[18400,1043],[18410,393],[18420,584],[18430,580],[18440,574],[18450,577],[18460,832],[18470,833],[18480,436],[18490,483],[18500,1032],[18510,626],[18520,1287],[18530,1111],[18540,1333],[18550,1021],[18560,891],[18570,110],[18580,612],[18590,458],[18600,459],[18610,579],[18620,1007],[18630,224],[18640,250],[18650,219],[18660,583],[18670,38],[18680,1325],[18690,477],[18700,970],[18710,327],[18720,450],[18730,365],[18740,315],[18750,313],[18760,1161],[18770,1020],[18780,131],[18790,515],[18800,1012],[18810,226],[18820,381],[18830,1235],[10001370,43],[10001380,410],[10001390,596],[10001400,947],[10001410,948],[10001420,60],[18260,1113],[18360,387],[18440,574],[18600,459],[18700,970],[18790,515],[18280,576],[18340,808],[18410,393],[18510,626],[18830,1235],[10001390,596],[10001400,947],[10001410,948],[18280,576],[18340,808],[18410,393],[18510,626],[18830,1235],[15230,994],[15280,177],[14220,1173],[15580,969],[16380,284],[16390,314],[15700,617],[15860,864],[12780,1161],[12790,38],[15120,781],[15290,64],[15510,99],[11840,740],[18420,584],[18620,1007]],|
+"B3b":[[19040,165],[19050,789],[19060,146],[19070,150],[19080,1271],[19090,896],[19100,534],[19110,1321],[19120,846],[19010,494],[19030,952],[19130,464],[19140,1046],[19150,367],[19160,799],[19170,1116],[18970,404],[19180,690],[19190,916],[19200,575],[19210,909],[18980,971],[19020,345],[19220,269],[19230,1368],[19240,1104],[19250,1102],[19260,828],[19270,830],[19280,1171],[19290,155],[19300,748],[19310,347],[19320,372],[19330,392],[19340,1357],[19350,960],[19360,1008],[19370,1033],[19380,875],[19390,766],[19400,151],[19410,1131],[19420,1042],[19430,1041],[19440,723],[19450,1260],[19460,471],[19470,535],[19480,533],[19490,590],[19500,1345],[19510,327],[19520,827],[19530,1114],[19540,1231],[19550,1292],[19560,1291],[19000,537],[19570,536],[19580,408],[19590,1096],[19600,485],[10001430,1107],[10001440,339],[10001450,342],[10001460,955],[10001470,1326],[10001480,610],[19110,1321],[19190,916],[19210,909],[19280,1171],[19440,723],[19490,590],[19530,1114],[19600,485],[19160,799],[19220,269],[19300,748],[19390,766],[19570,536],[10001450,342],[10001460,955],[10001470,1326],[19160,799],[19300,748],[19390,766],[19570,536],[19220,269],[19040,165],[19050,789],[19060,146],[11640,724],[11650,378],[11660,42],[19250,1102],[14920,604],[13060,286],[19530,1114],[11340,752],[17020,1298],[11670,741],[12030,566],[19520,827],[10001430,1107]],|
+"B4":[[19620,1361],[19630,1074],[19640,93],[19650,160],[19660,323],[19670,660],[19680,234],[19690,629],[19700,630],[19710,215],[19720,1307],[19730,605],[19740,1062],[19750,3],[19760,277],[19770,899],[19780,931],[19790,1082],[19800,1189],[19810,933],[19820,979],[19830,383],[19840,813],[19850,253],[19860,965],[19870,1281],[19880,553],[19890,552],[19900,519],[19910,952],[19920,465],[19930,1146],[19940,1143],[19950,159],[19960,769],[19970,1322],[19980,1324],[19990,1127],[20000,1047],[20010,1328],[20020,634],[20030,865],[20040,275],[20050,1027],[20060,37],[20070,276],[20080,48],[20090,138],[20100,909],[20110,971],[20120,1066],[20130,691],[20140,692],[20150,866],[20160,1018],[20170,1278],[20180,325],[20190,326],[20200,1238],[20210,523],[20220,522],[20230,1332],[20240,611],[20250,206],[20260,205],[20270,309],[20280,558],[20290,801],[20300,822],[20310,792],[20320,976],[20330,615],[20340,194],[20350,1362],[20360,1355],[20370,1170],[20380,547],[20390,863],[20400,712],[20410,509],[20420,45],[20430,63],[20440,492],[20450,749],[20460,307],[20470,356],[20480,1240],[20490,499],[20500,218],[20510,805],[20520,488],[20530,826],[20540,934],[20550,796],[20560,428],[20570,424],[20580,426],[20590,497],[20600,1163],[20610,2],[20620,1320],[20630,717],[20640,548],[20650,1086],[20660,735],[20670,97],[20680,788],[20690,786],[20700,762],[20710,351],[20720,439],[20730,317],[20740,56],[20750,1299],[20760,1000],[20770,302],[20780,297],[20790,298],[20800,984],[20810,765],[20820,848],[20830,849],[20840,1275],[20850,300],[20860,47],[20870,285],[20880,556],[20890,252],[20900,983],[20910,982],[20920,327],[20930,10],[20940,40],[20950,1091],[20960,271],[20970,607],[20980,906],[20990,1266],[21000,1289],[21010,312],[21020,1166],[21030,408],[21040,1279],[21050,1076],[10001490,862],[10001500,201],[10001510,1013],[10001520,265],[10001530,204],[10001540,951],[10001550,303],[10001560,1097],[10001570,1327],[10001580,1123],[10001590,975],[19620,1361],[19670,660],[19700,630],[19750,3],[19810,933],[19860,965],[20020,634],[20050,1027],[20110,971],[20230,1332],[20250,206],[20320,976],[20350,1362],[20390,863],[20420,45],[20540,934],[20590,497],[20620,1320],[20720,439],[20780,297],[20830,849],[20890,252],[20910,982],[20930,10],[19720,1307],[19870,1281],[19960,769],[19980,1324],[20160,1018],[20450,749],[20640,548],[20700,762],[20810,765],[21020,1166],[10001540,951],[10001550,303],[10001560,1097],[10001570,1327],[19720,1307],[19870,1281],[19960,769],[19980,1324],[20450,749],[20640,548],[20700,762],[21020,1166],[20160,1018],[20810,765],[13940,36],[13990,824],[14000,731],[14010,1164],[16290,333],[14180,918],[14190,806],[20300,822],[20310,792],[14510,1010],[14520,121],[14580,361],[17660,621],[17670,1337],[14760,425],[14770,427],[20900,983],[20910,982],[14960,1108],[13040,143],[13890,112],[13950,35],[14020,772],[14320,750],[13460,757],[14530,447],[17710,1383],[14930,755],[20110,971],[20780,297]],|
+"B4a":[[21190,1316],[21200,561],[21210,1112],[21220,1054],[21230,1053],[21240,1206],[21250,1210],[21260,1201],[21270,1200],[21170,368],[21280,128],[21290,273],[21100,1205],[21300,1193],[21110,1350],[21310,893],[21320,532],[21330,531],[21340,1226],[21350,1197],[21360,1229],[21370,119],[21380,1378],[21390,1214],[21400,1220],[21410,1219],[21420,1195],[21430,1202],[21440,1211],[21450,1209],[21460,355],[21180,782],[21470,861],[21480,448],[21490,249],[21130,727],[21500,638],[21510,1196],[21520,1192],[21530,1199],[21540,1212],[21550,1204],[21560,1227],[21570,1221],[21580,1249],[21590,250],[21600,219],[21610,1223],[21620,1225],[21630,1224],[21640,443],[21140,446],[21150,411],[21650,433],[21660,317],[21670,56],[21680,989],[21690,1216],[21700,1215],[21710,1208],[21720,1213],[21730,1203],[21740,508],[21750,408],[21760,652],[21770,856],[10001600,1222],[10001610,1198],[10001620,1217],[10001630,1207],[10001640,1194],[10001650,51],[21290,273],[21430,1202],[21630,1224],[21730,1203],[21740,508],[21760,652],[21250,1210],[21300,1193],[21360,1229],[21410,1219],[21560,1227],[21700,1215],[10001620,1217],[10001630,1207],[10001640,1194],[21250,1210],[21300,1193],[21360,1229],[21410,1219],[21560,1227],[21700,1215],[10001630,1207],[19110,1321],[19120,846],[19130,464],[19140,1046],[14200,1261],[14400,1083],[14410,932],[14780,735],[14980,1174],[14990,1167],[13190,747],[14210,1264],[14390,803],[14790,760],[21640,443],[10001610,1198]],|
+"P-A":[[10000010,939],[10000020,1363],[10000050,507],[10000060,922],[10000030,921],[10000070,987],[10000040,949],[10000060,922],[940,909],[1280,792],[2020,176],[1960,783],[70,146],[2760,642],[940,909],[1130,206],[2770,719],[30,1304],[890,486],[2780,514],[1500,860],[2790,590],[10,142],[970,707],[470,814],[940,909],[2800,1112],[2280,1317],[550,114],[2810,327],[2110,197],[330,181],[530,1137],[3160,916],[2910,1276],[3380,334],[4960,239],[4970,809],[3920,1086],[3080,193],[3440,1251],[3910,259],[4320,185],[4500,971],[4980,850],[4690,446],[4990,1140],[3310,716],[4870,1114],[1290,793],[5090,252],[5080,1133],[5000,388],[5010,890],[5020,697],[5030,331],[5040,106],[5060,866],[5070,1006],[2150,357],[870,402],[1980,364],[10810,984],[10820,985],[10820,985],[6640,802],[6660,228],[6810,693],[5830,16],[6220,25],[6780,233],[7230,20],[7240,1259],[7410,1380],[7250,606],[7260,111],[7270,1366],[7280,264],[7290,320],[7300,1138],[7310,1286],[7370,919],[7380,1152],[7420,1182],[7320,1295],[7330,592],[7340,12],[7350,297],[7360,72],[7390,1249],[7400,485],[2060,327],[9330,207],[10070,551],[10080,195],[9740,552],[9890,604],[10090,118],[9050,725],[9720,1333],[10200,645],[10100,1271],[10110,927],[10120,798],[10130,1384],[10140,1382],[10180,800],[10190,897],[8480,329],[10210,349],[10150,909],[10160,972],[8290,802],[10170,697],[4240,990],[3030,1058],[9760,2]],|
+"P-B":[[4490,909],[12930,896],[12940,402],[11700,692],[12620,905],[12950,763],[11150,1253],[11300,952],[12330,739],[11900,305],[12660,327],[13060,286],[11110,52],[12960,704],[11640,724],[12140,632],[12970,1161],[13030,522],[13040,143],[12980,182],[12990,860],[13000,515],[13010,439],[13020,756],[11880,591],[15950,824],[14180,918],[15960,976],[15970,761],[15040,1255],[13920,198],[13940,34],[15310,962],[15980,1109],[15280,177],[15420,1185],[15990,400],[15830,1243],[15470,888],[15740,869],[15460,191],[16000,1104],[16010,337],[16020,1299],[16030,516],[16040,183],[16050,437],[16060,1345],[16900,1309],[14360,777],[18860,1387],[18870,1387],[18880,1388],[12660,327],[18880,1388],[18900,753],[16890,164],[18910,1234],[18920,324],[17790,1377],[16700,1269],[17490,429],[15120,781],[18930,177],[18230,1297],[18940,172],[18950,891],[18750,313],[15110,390],[18550,1021],[19030,952],[18960,367],[18970,404],[18980,971],[18990,960],[19000,537],[19010,494],[19020,345],[16690,166],[21060,754],[21070,159],[20100,909],[20830,849],[21080,1091],[20150,866],[20670,97],[16730,767],[21090,1218],[21100,1205],[21110,1350],[21120,1228],[21130,727],[21170,368],[21180,782]]|
+}}|
diff --git a/data/pocket_tierlist.json b/data/pocket_tierlist.json|
index 2113550..3f03ce7 100644|
--- a/data/pocket_tierlist.json|
+++ b/data/pocket_tierlist.json|
@@ -7,3 +7,3 @@|
   "code_hinweis": "Der Scan-Code ist der ausgelesene Inhalt des 2D-Musters, nicht Game8s Bild. Gelesen wurde jedes Muster auf fünf Wegen; übernommen nur, wenn mindestens zwei denselben Inhalt ergaben und keiner widersprach. Danach wurde geprüft, dass der Inhalt unsere eigene Darstellung übersteht — neu erzeugt und wieder ausgelesen ergibt denselben Inhalt. Das Zweite sagt nichts über die Echtheit, nur über die Darstellbarkeit; die Echtheit sichert das Erste.",|
-  "abgerufen": "2026-09-26T21:14:05+00:00",|
+  "abgerufen": "2026-09-28T07:31:02+00:00",|
   "anzahl": 34,|
diff --git a/index.html b/index.html|
index b32b882..1f40a21 100644|
--- a/index.html|
+++ b/index.html|
@@ -105,3 +105,3 @@|
     // If the server has a newer version, we purge caches + SW and hard-reload.|
-    window.APP_VERSION = '202609272220';|
+    window.APP_VERSION = '202609280750';|
     (function() {|
@@ -175,46 +175,46 @@|
          darf sich auf die Variablen verlassen. -->|
-    <link rel="stylesheet" href="css/tokens.css?v=202609272220" type="text/css">|
-    <link rel="stylesheet" href="css/components.css?v=202609272220" type="text/css">|
-    <link rel="stylesheet" href="css/ds-nav.css?v=202609272220">|
-    <link rel="stylesheet" href="css/styles.css?v=202609272220" type="text/css">|
-    <link rel="stylesheet" href="css/ui-components.css?v=202609272220" type="text/css">|
-    <link rel="stylesheet" href="css/ds-share.css?v=202609272220">|
-    <link rel="stylesheet" href="css/pokeball-menu.css?v=202609272220" type="text/css">|
-    <link rel="stylesheet" href="css/dashboard-theme.css?v=202609272220" type="text/css">|
+    <link rel="stylesheet" href="css/tokens.css?v=202609280750" type="text/css">|
+    <link rel="stylesheet" href="css/components.css?v=202609280750" type="text/css">|
+    <link rel="stylesheet" href="css/ds-nav.css?v=202609280750">|
+    <link rel="stylesheet" href="css/styles.css?v=202609280750" type="text/css">|
+    <link rel="stylesheet" href="css/ui-components.css?v=202609280750" type="text/css">|
+    <link rel="stylesheet" href="css/ds-share.css?v=202609280750">|
+    <link rel="stylesheet" href="css/pokeball-menu.css?v=202609280750" type="text/css">|
+    <link rel="stylesheet" href="css/dashboard-theme.css?v=202609280750" type="text/css">|
     <!-- Non-critical CSS: async load (tab-specific styles) -->|
-    <link rel="stylesheet" href="css/auth-styles.css?v=202609272220" type="text/css" media="print" onload="this.media='all'">|
-    <link rel="stylesheet" href="css/cards-header.css?v=202609272220" type="text/css" media="print" onload="this.media='all'">|
-    <link rel="stylesheet" href="css/cards-filter-section.css?v=202609272220" type="text/css" media="print" onload="this.media='all'">|
-    <link rel="stylesheet" href="css/cards-tabs.css?v=202609272220" type="text/css" media="print" onload="this.media='all'">|
-    <link rel="stylesheet" href="css/city-league.css?v=202609272220" type="text/css" media="print" onload="this.media='all'">|
-    <link rel="stylesheet" href="css/meta-card-analysis.css?v=202609272220" type="text/css" media="print" onload="this.media='all'">|
-    <link rel="stylesheet" href="css/current-meta-matchups.css?v=202609272220" type="text/css" media="print" onload="this.media='all'">|
-    <link rel="stylesheet" href="css/anti-tech.css?v=202609272220" type="text/css" media="print" onload="this.media='all'">|
-    <link rel="stylesheet" href="css/tech-lab.css?v=202609272220" type="text/css" media="print" onload="this.media='all'">|
-    <link rel="stylesheet" href="css/tech-slots.css?v=202609272220" type="text/css" media="print" onload="this.media='all'">|
-    <link rel="stylesheet" href="css/city-league-display-toggles.css?v=202609272220" type="text/css" media="print" onload="this.media='all'">|
-    <link rel="stylesheet" href="css/de-overview-tabs.css?v=202609272220" type="text/css" media="print" onload="this.media='all'">|
-    <link rel="stylesheet" href="css/profile-howto-info.css?v=202609272220" type="text/css" media="print" onload="this.media='all'">|
-    <link rel="stylesheet" href="css/masterclass.css?v=202609272220" type="text/css" media="print" onload="this.media='all'">|
