+"sets":{|
+"A1":[[10,142],[20,585],[30,1304],[40,1305],[50,165],[60,789],[70,146],[80,1335],[90,603],[100,94],[110,855],[120,461],[130,1313],[140,882],[150,883],[160,1303],[170,1302],[180,101],[190,1336],[200,1310],[210,357],[220,358],[230,359],[240,1177],[250,1044],[260,915],[270,229],[280,1339],[290,896],[300,662],[310,1089],[320,462],[330,181],[340,182],[350,178],[360,179],[370,1321],[380,846],[390,494],[400,52],[410,53],[420,933],[430,979],[440,705],[450,383],[460,813],[470,814],[480,519],[490,1025],[500,1026],[510,1085],[520,170],[530,1137],[540,1329],[550,114],[560,115],[570,952],[580,465],[590,927],[600,928],[610,929],[620,1232],[630,1233],[640,1049],[650,274],[660,1060],[670,211],[680,628],[690,614],[700,551],[710,1045],[720,464],[730,1046],[740,1146],[750,1143],[760,1144],[770,704],[780,503],[790,641],[800,1297],[810,858],[820,859],[830,69],[840,70],[850,312],[860,1165],[870,402],[880,403],[890,486],[900,959],[910,138],[920,1113],[930,405],[940,909],[950,971],[960,910],[970,707],[980,708],[990,1319],[1000,338],[1010,333],[1020,592],[1030,1375],[1040,1376],[1050,119],[1060,1378],[1070,1278],[1080,325],[1090,326],[1100,523],[1110,522],[1120,913],[1130,206],[1140,205],[1150,1],[1160,602],[1170,11],[1180,1104],[1190,1102],[1200,437],[1210,514],[1220,440],[1230,441],[1240,309],[1250,558],[1260,822],[1270,599],[1280,792],[1290,793],[1300,976],[1310,615],[1320,435],[1330,1355],[1340,1170],[1350,467],[1360,469],[1370,1030],[1380,1031],[1390,284],[1400,314],[1410,719],[1420,943],[1430,700],[1440,699],[1450,697],[1460,698],[1470,442],[1480,482],[1490,466],[1500,860],[1510,249],[1520,727],[1530,728],[1540,540],[1550,538],[1560,1002],[1570,1001],[1580,600],[1590,601],[1600,794],[1610,795],[1620,210],[1630,481],[1640,331],[1650,49],[1660,841],[1670,843],[1680,840],[1690,842],[1700,844],[1710,839],[1720,1385],[1730,463],[1740,488],[1750,826],[1760,621],[1770,1337],[1780,735],[1790,891],[1800,110],[1810,778],[1820,775],[1830,302],[1840,297],[1850,298],[1860,905],[1870,904],[1880,902],[1890,983],[1900,982],[1910,1125],[1920,366],[1930,590],[1940,1345],[1950,1346],[1960,783],[1970,895],[1980,364],[1990,288],[2000,287],[2010,658],[2020,176],[2030,604],[2040,1186],[2050,286],[2060,327],[2060,327],[2060,327],[2070,936],[2080,7],[2090,1114],[2100,804],[2110,197],[2120,1356],[2130,311],[10000080,524],[10000090,290],[10000100,857],[10000110,350],[10000120,812],[10000130,113],[10000140,622],[10000150,449],[10000160,134],[10000170,1022],[10000180,675],[10,142],[120,461],[260,915],[330,181],[430,979],[530,1137],[780,503],[790,641],[1000,338],[1170,11],[1180,1104],[1390,284],[1510,249],[1680,840],[1710,839],[1730,463],[1770,1337],[1850,298],[1880,902],[1960,783],[2050,286],[2060,327],[2070,936],[2090,1114],[40,1305],[230,359],[360,179],[410,53],[470,814],[560,115],[760,1144],[840,70],[960,910],[1040,1376],[1230,441],[1290,793],[1460,698],[1530,728],[1950,1346],[10000110,350],[10000120,812],[10000130,113],[10000140,622],[10000150,449],[10000160,134],[10000170,1022],[10000180,675],[470,814],[840,70],[1040,1376],[1230,441],[1460,698],[1950,1346],[360,179],[960,910],[1290,793],[2140,790],[360,179],[960,910],[1290,793]],|
+"A1a":[[2150,357],[2160,358],[2170,167],[2180,1112],[2190,1054],[2200,1053],[2210,816],[2220,1065],[2230,277],[2240,933],[2250,979],[2260,705],[2270,643],[2280,1317],[2290,1025],[2300,1026],[2310,704],[2320,504],[2330,1297],[2340,375],[2350,685],[2360,189],[2370,304],[2380,235],[2390,909],[2400,971],[2410,333],[2420,594],[2430,431],[2440,268],[2140,790],[2450,791],[2460,1073],[2470,343],[2500,96],[2510,379],[2520,389],[2480,391],[2490,1169],[2530,1106],[2540,719],[2550,943],[2560,442],[2570,482],[2580,466],[2590,8],[2600,730],[2610,1150],[2620,621],[2630,1337],[2640,956],[2650,659],[2660,1301],[2670,1341],[2680,1038],[2690,310],[2700,905],[2710,904],[2720,903],[2730,1186],[2740,327],[2750,183],[10000100,857],[10000200,925],[10000190,831],[10000220,139],[10000210,120],[10000230,647],[2160,358],[2200,1053],[2290,1025],[2330,1297],[2440,268],[2600,730],[2170,167],[2320,504],[2450,791],[2590,8],[2720,903],[10000220,139],[10000210,120],[10000230,647],[2450,791],[2590,8],[2170,167],[2450,791]],|
+"A2":[[2820,855],[2830,461],[2840,100],[2850,1177],[2860,1178],[2870,1369],[2880,1371],[2890,1014],[2900,1015],[2910,1276],[2920,491],[2930,1257],[2940,629],[2950,630],[2960,145],[2970,1358],[2980,215],[2990,1306],[3000,157],[3010,649],[3020,821],[3030,1058],[3040,705],[3050,706],[3060,1105],[3070,702],[3080,193],[3090,815],[3100,567],[3110,518],[3120,1168],[3130,912],[3140,715],[3150,988],[3160,916],[3170,944],[3180,346],[3190,141],[3200,388],[3210,1061],[3220,438],[3230,375],[3240,685],[3250,1117],[3260,0],[3270,453],[3280,1330],[3290,406],[3300,874],[3310,716],[3320,707],[3330,708],[3340,709],[3350,1319],[3360,338],[3370,333],[3380,334],[3390,1066],[3400,691],[3410,692],[3420,867],[3430,1016],[3440,1251],[3450,1252],[3460,1250],[3470,809],[3480,811],[3490,976],[3500,615],[3510,322],[3520,319],[3530,321],[3540,306],[3550,305],[3560,1293],[3570,785],[3580,76],[3590,451],[3600,238],[3610,1002],[3620,1001],[3630,1003],[3640,457],[3650,460],[3660,541],[3670,850],[3680,991],[3690,236],[3700,977],[3710,1358],[3720,1006],[3730,676],[3740,529],[3750,530],[3760,430],[3770,829],[3780,545],[3790,1111],[3800,1334],[3810,934],[3820,796],[3830,1154],[3840,1095],[3850,1131],[3860,1092],[3870,301],[3880,240],[3890,1262],[3900,258],[3910,259],[3920,1086],[3930,992],[3940,1063],[3950,87],[3960,1358],[3970,136],[3980,135],[3990,945],[4000,280],[4010,520],[4020,446],[4030,411],[4040,433],[4050,658],[4060,657],[4070,327],[4080,936],[4090,938],[4100,937],[4110,10],[4120,40],[4130,1142],[4140,1141],[4150,1140],[4160,106],[4170,104],[4180,143],[4190,672],[4200,456],[4210,957],[4220,183],[4230,362],[4240,990],[10000260,1094],[10000270,65],[10000280,924],[10000290,445],[10000300,1009],[10000310,684],[10000320,255],[10000330,1190],[10000340,254],[10000350,1318],[10000360,263],[10000370,729],[2860,1178],[2980,215],[3000,157],[3030,1058],[3140,715],[3220,438],[3310,716],[3390,1066],[3430,1016],[3540,306],[3570,785],[3590,451],[3600,238],[3630,1003],[3730,676],[3740,529],[3850,1131],[3880,240],[4010,520],[4040,433],[4150,1140],[4160,106],[4200,456],[4240,990],[2880,1371],[3100,567],[3300,874],[3420,867],[3480,811],[3760,430],[3800,1334],[3910,259],[4000,280],[4060,657],[10000320,255],[10000330,1190],[10000340,254],[10000350,1318],[10000360,263],[10000370,729],[2880,1371],[3100,567],[3420,867],[3480,811],[3760,430],[3800,1334],[3910,259],[4060,657],[3300,874],[4000,280],[3300,874],[4000,280]],|
+"A2a":[[4250,525],[4260,145],[4270,820],[4280,215],[4290,1306],[4300,186],[4310,185],[4320,185],[4330,157],[4340,650],[4350,553],[4360,552],[4370,520],[4380,725],[4390,77],[4400,83],[4410,1342],[4420,1116],[4430,404],[4440,1117],[4450,0],[4460,454],[4470,873],[4480,900],[4490,909],[4500,971],[4510,337],[4520,718],[4530,206],[4540,205],[4550,437],[4560,514],[4570,440],[4580,1290],[4590,1016],[4600,1155],[4610,897],[4620,292],[4630,644],[4640,954],[4650,1282],[4660,850],[4670,738],[4680,737],[4690,446],[4700,411],[4710,434],[4720,1385],[4730,463],[4740,241],[4750,240],[4760,1262],[4770,707],[4780,708],[4790,709],[4800,735],[4810,946],[4820,136],[4830,135],[4840,279],[4850,451],[4860,327],[4870,1114],[4880,549],[4890,847],[4900,1142],[4910,1141],[4920,1140],[4930,1058],[4940,54],[4950,55],[10000380,572],[10000390,169],[10000400,85],[10000410,5],[4360,552],[4380,725],[4580,1290],[4600,1155],[4770,707],[4930,1058],[4340,650],[4460,454],[4710,434],[4810,946],[4950,55],[10000380,572],[10000390,169],[10000400,85],[10000410,5],[4340,650],[4460,454],[4710,434],[4810,946],[4950,55],[4950,55]],|
+"A2b":[[5210,1335],[5220,603],[5230,95],[5240,915],[5080,1133],[5250,390],[5260,780],[5270,181],[5280,182],[5290,179],[5300,705],[5310,706],[5320,871],[5330,1232],[5340,1233],[5350,141],[5360,388],[5370,1347],[5380,1360],[5390,291],[5400,1185],[5410,910],[5420,1319],[5430,338],[5060,866],[5440,888],[5450,889],[5010,890],[5460,1],[5470,602],[5480,11],[5490,822],[5500,306],[5510,305],[5520,452],[5530,448],[5540,700],[5550,699],[5020,697],[5560,540],[5570,538],[5070,1006],[5580,677],[5590,381],[5600,331],[5610,49],[5620,872],[5630,870],[5640,1131],[5650,1067],[5660,479],[5670,1242],[5680,1245],[5690,1244],[5700,1299],[5710,1000],[5720,443],[5730,983],[5740,982],[5750,590],[5760,1345],[5770,658],[5780,656],[5040,106],[5790,105],[5800,143],[5810,672],[5090,252],[10000420,571],[10000430,923],[10000440,986],[10000450,1191],[5260,780],[5350,141],[5400,1185],[5660,479],[5720,443],[5760,1345],[5230,95],[5290,179],[5380,1360],[5410,910],[5520,452],[5580,677],[5630,870],[5690,1244],[5790,105],[10000420,571],[10000430,923],[10000440,986],[10000450,1191],[5410,910],[5630,870],[5690,1244],[5790,105],[5520,452],[5210,1335],[5220,603],[5270,181],[5280,182],[5370,1347],[5390,291],[5060,866],[5070,1006],[5700,1299],[5710,1000],[5230,95],[5290,179],[5380,1360],[5580,677],[10000030,921]],|
+"A3":[[5820,357],[5830,16],[5840,1160],[5850,733],[5860,722],[5870,605],[5880,898],[5890,1270],[5900,1019],[5910,1019],[5920,261],[5930,267],[5940,495],[5950,395],[5960,688],[5970,816],[5980,1065],[5990,127],[6000,1149],[6010,1274],[6020,1349],[6030,468],[6040,278],[6050,1179],[6060,494],[6070,52],[6080,21],[6090,385],[6100,1175],[6110,667],[6120,667],[6130,1256],[6140,564],[6150,863],[6160,1025],[6170,1026],[6180,1275],[6190,32],[6200,33],[6210,34],[6220,25],[6230,1060],[6240,211],[6250,641],[6260,935],[6270,935],[6280,133],[6290,941],[6300,232],[6310,1351],[6320,1352],[6330,276],[6340,48],[6350,959],[6360,138],[6370,1180],[6380,909],[6390,29],[6400,17],[6410,19],[6420,18],[6430,523],[6440,522],[6450,180],[6460,1312],[6470,863],[6480,1249],[6490,1181],[6500,822],[6510,1021],[6520,1132],[6530,496],[6540,687],[6550,1071],[6560,81],[6570,863],[6580,863],[6590,251],[6600,1004],[6610,217],[6620,1033],[6630,875],[6640,802],[6650,1183],[6660,228],[6670,227],[6680,686],[6690,837],[6700,249],[6710,712],[6720,509],[6730,1122],[6740,307],[6750,1240],[6760,499],[6770,218],[6780,233],[6790,1008],[6800,1008],[6810,693],[6820,693],[6830,823],[6840,825],[6850,886],[6860,805],[6870,31],[6880,30],[6890,22],[6900,27],[6910,20],[6920,24],[6930,2],[6940,1272],[6950,432],[6960,723],[6970,1260],[6980,13],[6990,14],[7000,356],[7010,351],[7020,618],[7030,1120],[7040,703],[7050,300],[7060,586],[7070,505],[7080,624],[7090,1186],[7100,1091],[7110,271],[7120,386],[7130,515],[7140,911],[7150,1273],[7160,1259],[7170,1372],[7180,498],[7190,1152],[7200,103],[7210,861],[7220,623],[10000460,108],[10000470,377],[10000480,981],[10000490,1017],[10000500,920],[10000510,648],[10000520,4],[10000530,560],[10000540,609],[10000550,500],[10000560,637],[10000570,1124],[10000580,714],[10000590,661],[5830,16],[5970,816],[6010,1274],[6050,1179],[6080,21],[6180,1275],[6210,34],[6350,959],[6370,1180],[6470,863],[6490,1181],[6590,251],[6610,217],[6620,1033],[6650,1183],[6660,228],[6790,1008],[6840,825],[6860,805],[7040,703],[7050,300],[7140,911],[7200,103],[7220,623],[5930,267],[6040,278],[6140,564],[6300,232],[6320,1352],[6390,29],[6680,686],[6850,886],[6920,24],[7030,1120],[10000520,4],[10000530,560],[10000540,609],[10000550,500],[10000560,637],[10000570,1124],[10000580,714],[10000590,661],[5930,267],[6040,278],[6140,564],[6300,232],[6320,1352],[6390,29],[6680,686],[6850,886],[6920,24],[7030,1120],[10000550,500],[10000590,661],[10,142],[20,585],[30,1304],[5820,357],[2160,358],[530,1137],[540,1329],[550,114],[740,1146],[750,1143],[4550,437],[1210,514],[1220,440],[1430,700],[1440,699],[5020,697],[1510,249],[1520,727],[5750,590],[5760,1345],[40,1305],[230,359],[560,115],[760,1144],[1230,441],[1460,698],[1530,728],[1950,1346],[6680,686],[7030,1120]],|
+"A3a":[[7430,896],[7440,662],[7450,1019],[7460,261],[7470,266],[7480,148],[7490,899],[7250,606],[7260,111],[7500,720],[7510,159],[7520,1057],[7530,1066],[7540,691],[7550,692],[7560,119],[7570,1378],[7580,345],[7420,1182],[7270,1366],[7410,1380],[7590,206],[7600,205],[7610,898],[7620,1270],[7630,816],[7640,1065],[7650,738],[7660,737],[7670,80],[7680,203],[7690,1008],[7700,694],[7710,885],[7720,1033],[7730,875],[7740,22],[7750,27],[7760,1029],[7770,631],[7780,632],[7790,845],[7800,502],[7370,919],[7810,834],[7820,13],[7830,15],[7840,67],[7850,635],[7860,9],[7870,370],[7880,371],[7300,1138],[7890,663],[7900,526],[7910,1151],[7380,1152],[7920,103],[7930,861],[7940,1279],[7950,1076],[7960,168],[10000600,91],[10000610,996],[10000620,336],[10000630,92],[10000640,455],[10000650,671],[10000660,689],[7450,1019],[7490,899],[7260,111],[7740,22],[7950,1076],[7960,168],[7480,148],[7420,1182],[7700,694],[7800,502],[7830,15],[10000640,455],[10000650,671],[10000660,689],[7420,1182],[7700,694],[7800,502],[7830,15],[7480,148],[390,494],[400,52],[870,402],[880,403],[890,486],[1270,599],[1860,905],[1870,904],[1880,902],[2080,7],[2170,167],[410,53],[2590,8],[2720,903],[7790,845]],|
+"A3b":[[7970,1271],[7980,649],[7990,127],[8000,1149],[8010,1274],[8020,47],[8030,46],[8040,383],[8050,384],[8060,1254],[8070,667],[8080,1256],[8090,563],[8100,1025],[8110,1026],[8120,1297],[8130,453],[7320,1295],[8140,1294],[8150,1296],[8160,37],[8170,935],[8180,133],[8190,942],[7330,592],[8200,594],[8210,431],[8220,353],[8230,1355],[8240,1170],[8250,1169],[8260,1106],[8270,1171],[8280,1172],[8290,802],[8300,797],[7340,12],[8310,83],[8320,1342],[8330,794],[8340,795],[8350,155],[8360,1287],[8370,1021],[8380,956],[8390,659],[8400,735],[7390,1249],[8410,778],[8420,775],[8430,302],[8440,297],[8450,299],[8460,300],[8470,327],[8480,329],[8490,1115],[8500,10],[8510,40],[8520,183],[8530,72],[8540,804],[8550,197],[8560,1096],[7400,485],[10000670,328],[10000680,655],[10000690,513],[10000700,894],[7980,649],[8040,383],[8120,1297],[8130,453],[7330,592],[8220,353],[8270,1171],[8360,1287],[8470,327],[8050,384],[8190,942],[8280,1172],[8450,299],[8480,329],[8490,1115],[10000690,513],[10000700,894],[8050,384],[8190,942],[8280,1172],[8450,299],[8490,1115],[8480,329],[5240,915],[790,641],[3350,1319],[3360,338],[3490,976],[3500,615],[1320,435],[1640,331],[1650,49],[1980,364],[470,814],[840,70],[1040,1376],[3760,430],[10000670,328]],|
+"A4":[[8570,855],[8580,461],[8590,100],[8600,1177],[8610,1178],[8620,1044],[8630,915],[8640,192],[8650,89],[8660,774],[8670,654],[8680,653],[8690,550],[8700,1090],[8710,597],[8720,1159],[8730,1158],[8740,1369],[8750,1370],[8760,914],[8770,1070],[8780,525],[8790,186],[8800,185],[8810,1321],[8820,846],[8830,253],[8840,965],[8850,1280],[8860,1105],[8870,702],[8880,701],[8890,348],[8900,544],[8910,262],[8920,260],[8930,519],[8940,927],[8950,928],[8960,926],[8970,551],[8980,1045],[8990,613],[9000,704],[9010,503],[9020,1258],[9030,244],[9040,369],[9050,725],[9060,77],[9070,1357],[9080,960],[9090,967],[9100,223],[9110,995],[9120,854],[9130,272],[9140,720],[9150,1156],[9160,222],[9170,237],[9180,312],[9190,1165],[9200,195],[9210,640],[9220,901],[9230,724],[9240,378],[9250,42],[9260,340],[9270,973],[9280,345],[9290,1104],[9300,1103],[9310,1110],[9320,599],[9330,207],[9340,1251],[9350,1252],[9360,1250],[9370,836],[9380,1364],[9390,354],[9400,1290],[9410,1290],[9420,1354],[9430,450],[9440,1118],[9450,480],[9460,828],[9470,830],[9480,860],[9490,1155],[9500,457],[9510,460],[9520,1168],[9530,912],[9540,715],[9550,897],[9560,293],[9570,1284],[9580,541],[9590,644],[9600,954],[9610,109],[9620,82],[9630,1385],[9640,463],[9650,242],[9660,1129],[9670,62],[9680,1288],[9690,829],[9700,545],[9710,1111],[9720,1333],[9730,553],[9740,552],[9750,1282],[9760,2],[9770,397],[9780,1148],[9790,1037],[9800,1087],[9810,735],[9820,619],[9830,616],[9840,620],[9850,1125],[9860,366],[9870,176],[9880,117],[9890,604],[9900,327],[9910,936],[9920,938],[9930,937],[9940,1051],[9950,409],[9960,549],[9970,847],[9980,10],[9990,40],[10000,315],[10010,1231],[10020,1292],[10030,1139],[10040,1108],[10050,683],[10060,125],[10000710,341],[10000720,1136],[10000730,1147],[10000740,257],[10000750,997],[10000760,1348],[10000770,695],[10000780,1077],[10000790,376],[10000800,587],[10000810,527],[8640,192],[8590,100],[8780,525],[8830,253],[8880,701],[9020,1258],[9090,967],[9120,854],[9130,272],[9220,901],[9250,42],[9340,1251],[9380,1364],[9420,1354],[9500,457],[9660,1129],[9690,829],[9750,1282],[9790,1037],[9940,1051],[9960,549],[10030,1139],[10040,1108],[9880,117],[8770,1070],[8900,544],[8990,613],[9210,640],[9390,354],[9560,293],[9650,242],[9680,1288],[9800,1087],[10050,683],[10000760,1348],[10000770,695],[10000780,1077],[10000790,376],[10000800,587],[10000810,527],[8770,1070],[8990,613],[9210,640],[9390,354],[9560,293],[9650,242],[9680,1288],[9800,1087],[8900,544],[10050,683],[8740,1369],[8040,383],[2310,704],[9010,503],[800,1297],[970,707],[980,708],[7330,592],[3470,809],[2540,719],[1420,943],[1660,841],[1670,843],[1680,840],[1690,842],[1700,844],[1710,839],[9710,1111],[4050,658],[9900,327],[2880,1371],[4340,650],[2320,504],[4460,454],[3420,867],[3480,811],[3800,1334],[4060,657],[8900,544],[10050,683]],|
+"A4a":[[10220,550],[10230,1090],[10240,598],[10250,1159],[10260,1158],[10270,166],[10280,318],[10290,1105],[10300,702],[10210,349],[10310,385],[10320,1175],[10330,927],[10340,928],[10350,1232],[10360,1233],[10370,1104],[10380,1103],[10390,599],[10400,1157],[10410,367],[10120,798],[10420,721],[10430,247],[10440,974],[10450,1278],[10460,325],[10470,326],[10480,1153],[10490,1368],[10500,122],[10510,809],[10520,810],[10530,412],[10540,413],[10200,645],[10550,646],[10560,401],[10570,589],[10580,284],[10590,314],[10600,930],[10190,897],[10610,292],[10620,993],[10630,324],[10640,245],[10650,1055],[10130,1384],[10140,1382],[10660,569],[10670,713],[10680,1093],[10690,295],[10700,38],[10710,364],[10720,658],[10730,656],[10740,559],[10750,1231],[10760,1292],[10180,800],[10770,78],[10780,1161],[10790,1374],[10800,386],[10000820,568],[10000830,779],[10000840,1344],[10000850,1268],[10000860,819],[10120,798],[10480,1153],[10490,1368],[10550,646],[10190,897],[10770,78],[10240,598],[10210,349],[10400,1157],[10440,974],[10600,930],[10000840,1344],[10000850,1268],[10000860,819],[10240,598],[10210,349],[10440,974],[10600,930],[10400,1157],[3080,193],[3090,815],[570,952],[580,465],[680,628],[690,614],[6350,959],[4690,446],[4700,411],[5620,872],[3100,567],[2450,791],[4710,434],[5630,870],[10420,721]],|
+"A4b":[[10,142],[10,142],[20,585],[20,585],[40,1305],[5210,1335],[5210,1335],[5220,603],[5220,603],[5230,95],[210,357],[210,357],[230,359],[8690,550],[8690,550],[8700,1090],[8700,1090],[8710,597],[8710,597],[2870,1369],[2870,1369],[2880,1371],[8770,1070],[2170,167],[8790,186],[8790,186],[8800,185],[8800,185],[4340,650],[3030,1058],[3030,1058],[2180,1112],[2180,1112],[2190,1054],[2190,1054],[2200,1053],[2200,1053],[5910,1019],[5910,1019],[5920,261],[5920,261],[5930,267],[6040,278],[7480,148],[7490,899],[7490,899],[7250,606],[7250,606],[5080,1133],[5080,1133],[5250,390],[5250,390],[5260,780],[5260,780],[330,181],[330,181],[340,182],[340,182],[360,179],[5290,179],[390,494],[390,494],[410,53],[8040,383],[8040,383],[8050,384],[470,814],[8900,544],[8060,1254],[8060,1254],[3080,193],[3080,193],[3090,815],[3090,815],[3100,567],[4370,520],[4370,520],[6110,667],[6110,667],[6130,1256],[6130,1256],[6140,564],[530,1137],[530,1137],[540,1329],[540,1329],[560,115],[8970,551],[8970,551],[8980,1045],[8980,1045],[8990,613],[740,1146],[740,1146],[760,1144],[2310,704],[2310,704],[2320,504],[2330,1297],[2330,1297],[840,70],[9160,222],[9160,222],[9170,237],[9170,237],[4460,454],[3300,874],[3310,716],[3310,716],[870,402],[870,402],[880,403],[880,403],[890,486],[890,486],[8170,935],[8170,935],[8180,133],[8180,133],[8190,942],[6300,232],[6310,1351],[6310,1351],[6320,1352],[5370,1347],[5370,1347],[5380,1360],[940,909],[940,909],[6390,29],[960,910],[5410,910],[970,707],[970,707],[980,708],[980,708],[3340,709],[3340,709],[1040,1376],[9200,195],[9200,195],[9210,640],[5060,866],[5060,866],[3420,867],[6470,863],[6470,863],[7420,1182],[7410,1380],[7410,1380],[1200,437],[1200,437],[1210,514],[1210,514],[1230,441],[1270,599],[1270,599],[1290,793],[2450,791],[9390,354],[3470,809],[3470,809],[3480,811],[3490,976],[3490,976],[3500,615],[3500,615],[1320,435],[1320,435],[3590,451],[3590,451],[5520,452],[8250,1169],[8250,1169],[8260,1106],[8260,1106],[8280,1172],[6580,863],[6580,863],[6660,228],[6660,228],[6670,227],[6670,227],[6680,686],[8300,797],[8300,797],[7340,12],[7340,12],[1430,700],[1430,700],[1440,699],[1440,699],[1460,698],[1510,249],[1510,249],[1530,728],[2590,8],[4600,1155],[4600,1155],[9550,897],[9550,897],[9560,293],[4660,850],[4660,850],[4690,446],[4690,446],[4700,411],[4700,411],[4710,434],[5070,1006],[5070,1006],[3730,676],[3730,676],[5580,677],[3760,430],[6740,307],[6740,307],[6780,233],[6780,233],[7690,1008],[7690,1008],[7700,694],[6850,886],[2600,730],[2600,730],[4720,1385],[4720,1385],[4730,463],[4730,463],[4740,241],[4740,241],[9650,242],[6910,20],[6910,20],[6920,24],[5620,872],[5620,872],[5630,870],[8360,1287],[8360,1287],[9680,1288],[3790,1111],[3790,1111],[3800,1334],[3910,259],[7790,845],[7790,845],[7800,502],[7820,13],[7820,13],[7830,15],[9800,1087],[4810,946],[4000,280],[7000,356],[7000,356],[7020,618],[7020,618],[7030,1120],[7040,703],[7040,703],[5670,1242],[5670,1242],[5680,1245],[5680,1245],[5690,1244],[8430,302],[8430,302],[8440,297],[8440,297],[8450,299],[2700,905],[2700,905],[2710,904],[2710,904],[2720,903],[1930,590],[1930,590],[1950,1346],[1980,364],[1980,364],[4050,658],[4050,658],[4060,657],[8470,327],[8470,327],[8480,329],[8490,1115],[10050,683],[7100,1091],[7100,1091],[7110,271],[7110,271],[5040,106],[5040,106],[5790,105],[4930,1058],[4930,1058],[4950,55],[7940,1279],[7940,1279],[7950,1076],[7950,1076],[7960,168],[7960,168],[5090,252],[5090,252],[10000670,328],[10000670,328],[10000710,341],[10000710,341],[10000100,857],[10000100,857],[10000480,981],[10000480,981],[10000280,924],[10000280,924],[10000620,336],[10000620,336],[10000290,445],[10000290,445],[10000300,1009],[10000300,1009],[10000510,648],[10000510,648],[10000320,255],[10000320,255],[10000110,350],[10000110,350],[10000380,572],[10000380,572],[10000770,695],[10000770,695],[10000150,449],[10000150,449],[10000780,1077],[10000780,1077],[10000170,1022],[10000170,1022],[10000420,571],[10000420,571],[10000360,263],[10000360,263],[10000370,729],[10000370,729],[10000230,647],[10000230,647],[10000590,661],[10000590,661],[10000660,689],[10000660,689],[10000440,986],[10000440,986],[5250,390],[9170,237],[890,486],[1320,435],[8260,1106],[1980,364],[7480,148],[360,179],[8900,544],[3300,874],[960,910],[1290,793],[2450,791],[6680,686],[4000,280],[7030,1120],[8480,329],[10050,683],[4950,55],[10000040,949],[10000590,661],[10000660,689],[960,910],[5520,452],[3910,259],[10000480,981]],|
+"B1":[[10830,915],[10840,764],[10850,1361],[10860,1074],[10870,93],[10880,160],[10890,323],[10900,1048],[10910,852],[10920,1064],[10930,1068],[10940,132],[10950,880],[10960,1079],[10970,229],[10980,1340],[10990,896],[11000,662],[11010,722],[11020,1314],[11030,1089],[11040,462],[11050,898],[11060,1270],[11070,490],[11080,1239],[11090,1005],[11100,494],[11110,52],[11120,933],[11130,980],[11140,543],[11150,1253],[11160,216],[11170,116],[11180,744],[11190,881],[11200,1080],[11210,262],[11220,260],[11230,668],[11240,636],[11250,175],[11260,519],[11270,666],[11280,958],[11290,1275],[11300,952],[11310,465],[11320,704],[11330,503],[11340,752],[11350,673],[11360,670],[11370,681],[11380,1322],[11390,1323],[11400,222],[11410,237],[11420,690],[11430,879],[11440,1078],[11450,1277],[11460,876],[11470,1050],[11480,1246],[11490,158],[11500,401],[11510,589],[11520,608],[11530,402],[11540,403],[11550,487],[11560,102],[11570,74],[11580,189],[11590,304],[11600,68],[11610,84],[11620,330],[11630,593],[11640,724],[11650,378],[11660,42],[11670,741],[11680,1066],[11690,691],[11700,692],[11710,866],[11720,119],[11730,1378],[11740,594],[11750,431],[11760,268],[11770,1368],[11780,122],[11790,836],[11800,1364],[11810,809],[11820,810],[11830,1021],[11840,740],[11850,322],[11860,319],[11870,321],[11880,591],[11890,306],[11900,305],[11910,196],[11920,1367],[11930,214],[11940,474],[11950,476],[11960,475],[11970,1134],[11980,66],[11990,1169],[12000,1106],[12010,155],[12020,618],[12030,566],[12040,1030],[12050,1031],[12060,539],[12070,1155],[12080,712],[12090,509],[12100,529],[12110,530],[12120,1029],[12130,631],[12140,632],[12150,57],[12160,58],[12170,467],[12180,469],[12190,1236],[12200,877],[12210,233],[12220,231],[12230,1152],[12240,103],[12250,1033],[12260,875],[12270,1011],[12280,156],[12290,212],[12300,829],[12310,545],[12320,2],[12330,739],[12340,1092],[12350,301],[12360,258],[12370,270],[12380,1386],[12390,557],[12400,878],[12410,1093],[12420,296],[12430,723],[12440,1260],[12450,562],[12460,817],[12470,489],[12480,370],[12490,371],[12500,318],[12510,213],[12520,546],[12530,294],[12540,6],[12550,778],[12560,776],[12570,224],[12580,310],[12590,471],[12600,1100],[12610,470],[12620,905],[12630,904],[12640,902],[12650,1187],[12660,327],[12670,10],[12680,40],[12690,800],[12700,1381],[12710,664],[12720,1343],[12730,674],[12740,360],[12750,1091],[12760,271],[12770,1130],[12780,1161],[12790,38],[12800,183],[12810,887],[12820,1331],[12830,663],[12840,526],[12850,1151],[12860,1020],[12870,131],[12880,408],[12880,408],[12880,408],[12890,1012],[12900,226],[12910,1356],[12920,311],[10000870,940],[10000880,917],[10000890,542],[10000900,230],[10000910,380],[10000920,1084],[10000930,521],[10000940,680],[10000950,726],[10000960,506],[10000970,736],[10000980,363],[10000990,220],[10001000,665],[10870,93],[11030,1089],[11090,1005],[11100,494],[11250,175],[11320,704],[11370,681],[11510,589],[11520,608],[11620,330],[11700,692],[11930,214],[11940,474],[12080,712],[12110,530],[12160,58],[12200,877],[12310,545],[12390,557],[12570,224],[12590,471],[12760,271],[12850,1151],[12860,1020],[10840,764],[10980,1340],[11130,980],[11180,744],[11340,752],[11550,487],[11630,593],[11670,741],[11840,740],[12030,566],[12060,539],[12330,739],[12420,296],[12560,776],[12650,1187],[10000950,726],[10000960,506],[10000970,736],[10000980,363],[10000990,220],[10001000,665],[10840,764],[10980,1340],[11130,980],[11550,487],[11630,593],[11670,741],[12030,566],[12060,539],[12330,739],[12420,296],[12560,776],[12650,1187],[11180,744],[11340,752],[11840,740],[180,101],[190,1336],[200,1310],[5910,1019],[7460,261],[460,813],[6110,667],[6130,1256],[10330,927],[600,928],[610,929],[830,69],[3310,716],[6260,935],[8180,133],[1030,1375],[6470,863],[7410,1380],[1240,309],[1250,558],[1470,442],[2570,482],[2580,466],[6790,1008],[6980,13],[1960,783],[1970,895],[1990,288],[2000,287],[4160,106],[5930,267],[6140,564],[3300,874],[8190,942],[5410,910],[7420,1182],[7700,694],[6850,886],[7830,15],[4000,280],[5790,105],[4950,55],[11000,662],[12020,618],[10000910,380]],|
